40
3 2 100
3 5 7
4 8 16
1 20 5 2
5 271 8737
7516 6024 2230 1810 5405
5 2334 9835
3804 4147 6578 5376 3639
5 2163 3372
9935 3572 794 6891 8948
5 445 6659
6650 1995 8507 1009 5695
10 8251 9901
150 165 825 75 550 66 110 330 275 55
10 2 10000
11 10 15 2 7 2310 5 6 1 3
51 971 1940
194 194 5820 5820 194 194 194 194 194 5820 194 194 194 5820 194 194 194 5820 5820 194 5820 194 194 5820 5820 194 5820 194 5820 5820 5820 194 5820 5820 5820 5820 5820 194 5820 5820 5820 194 194 5820 194 5820 194 5820 5820 5820 194
5 871 9043
3183 9234 6003 2935 4107
5 679 8853
7149 8689 7650 5661 295
5 7300 9711
9728 537 4687 1712 2295
5 2246 5812
6335 9801 9254 6110 9384
100 11 30
5370 2970 7620 4920 5640 6540 870 5010 6870 7350 4320 1470 7710 5520 7200 9120 8520 2100 5340 4800 6780 6270 7950 3300 6000 7740 7890 5100 8100 2430 2790 3870 6690 9510 4170 600 720 2880 8730 7050 5880 6510 2760 5970 6840 7590 3390 7080 900 1500 7680 8880 1590 7320 7980 8370 3090 3540 3750 990 4380 9330 8220 8460 3690 4770 6900 8250 8070 1260 8550 390 8820 300 9300 6810 4200 570 7410 6420 3570 960 3330 3000 1200 330 780 9420 5610 1890 1920 7380 6600 3120 9480 1230 9360 930 630 3630
5 6338 8922
4410 1722 4114 4939 1087
13 1 10000
2632 7876 6995 3574 4014 8853 269 1032 6643 9910 9468 6101 8852
5 9567 9689
2632 9741 4179 7363 5844
51 2287 4571
4572 4572 4572 4572 4572 4572 2286 4572 4572 4572 2286 2286 2286 2286 4572 4572 2286 4572 4572 2286 4572 4572 4572 4572 4572 2286 2286 4572 2286 4572 2286 2286 2286 2286 4572 2286 2286 4572 2286 2286 2286 4572 2286 2286 4572 2286 2286 2286 4572 4572 2286
10 2 10000
10 7 2 11 1 30 15 5 6 3
4 2 10000
17 3 49 4
2 5001 10000
2500 5000
5 2527 3511
1151 3864 9201 5863 3211
5 7752 9352
5387 9684 6892 2703 6996
5 233 3539
6941 5616 3449 9274 4869
3 2 50
3 5 75
5 6263 8794
1684 2564 2502 9968 7443
5 7757 8114
6606 3234 3331 4512 6641
6 2 10000
9929 9941 9967 9931 9973 9949
8 2 10000
1 8633 1 8633 1 1 8633 1
5 1626 6296
5258 3140 8665 4800 264
100 1 10000
2564 3991 4468 5645 1771 4267 9015 2787 5850 7955 7791 4245 6913 5699 5696 7122 8602 7132 2467 4946 638 2526 3591 7824 1762 9811 6239 3935 8640 2128 9572 185 7830 7833 8851 8726 5483 7560 1130 4033 9763 1350 9605 647 6250 736 4872 8957 5596 2028 1216 6538 758 1584 8942 4380 1143 3073 6704 2873 9013 6168 6200 5941 5135 7719 5751 1448 3940 7873 399 4504 964 1353 9074 9384 6273 4248 7674 1555 2447 8441 275 6670 5261 7320 3934 3007 1493 7454 8886 5250 6719 6967 5631 2314 5101 5662 6303 5408
10 61 119
40 60 12 5040 7200 15 6480 4320 30 3600
5 9639 9674
5647 2204 594 8186 379
7 5 10000
9978 9726 9762 9714 9942 9678 9822
5 4932 7191
4188 4532 8357 4649 3773
100 2 10000
550 825 77 913 66 770 704 264 748 187 561 572 473 726 924 583 737 649 638 121 814 506 319 220 1078 330 539 1111 990 99 605 44 110 671 451 968 858 946 1012 341 869 55 253 682 759 957 297 836 1100 803 902 286 627 1089 847 1067 715 88 231 22 132 308 462 275 517 528 33 407 242 143 660 154 165 1045 363 880 594 440 374 396 352 979 1023 495 418 616 891 198 429 176 484 935 781 209 385 1056 693 1001 1034 792
50 2 10000
36 1680 420 20 630 16 40 9 5040 4 5 14 72 60 15 560 12 90 70 35 180 7 504 42 10 240 280 360 105 210 28 3 1260 45 720 24 840 56 336 80 1 6 30 1008 21 144 2520 48 315 63
5 7032 9237
4960 5736 5555 1090 2881
10 61 119
4680 8640 2 3 7920 20 30 5400 12 2520
5 8037 8978
5675 8515 2517 8653 5726
