40
3 2 100
3 5 7
4 8 16
1 20 5 2
5 2024 8914
1163 3530 5093 889 9462
100 19 54
2214 7560 3240 1296 8964 5940 5562 5076 6912 5400 1134 2538 4104 810 1782 8856 1836 2160 4428 6858 8586 864 4050 9072 9396 3564 4212 5130 3618 2808 2106 7452 6750 9450 9558 7128 1998 5994 1080 3942 2916 3996 8424 4536 9504 8802 540 3294 5778 8532 6048 8910 2970 5670 3024 6372 8370 7776 1404 5886 918 3186 2322 702 972 2430 4644 4320 9342 4752 4482 3456 7020 1242 4590 594 7614 1566 8100 648 9288 756 1512 3132 2268 6156 3726 8208 8316 9180 8262 9936 7722 6642 9828 9720 1890 2646 5508 4374
4 2 10000
17 4 3 49
10 2 10000
5 3 2 11 1 2310 6 10 7 15
10 61 119
40 8 4320 9360 60 12 2160 5040 2880 6
5 6929 9237
4385 6366 2836 1027 9426
5 7696 8264
9521 2027 4443 7538 1474
10 2 10000
7 10 5 6 3 11 30 1 15 2
5 2845 4071
5442 3230 1843 9511 2707
5 4281 8491
7518 2012 5138 9382 6822
50 2 10000
504 140 420 336 630 144 14 2520 315 48 12 1008 5 720 120 42 252 6 60 40 168 45 35 1680 105 1260 112 21 56 840 24 240 28 180 70 84 7 20 560 4 72 360 5040 2 1 36 16 80 8 30
100 1 10000
4169 6975 8915 9927 6812 2290 8945 2994 4870 2552 6996 743 8883 7025 8507 7326 1920 3872 960 1083 1907 6803 9029 3204 8010 8486 7471 795 2754 1997 3762 7981 5406 780 2161 7939 4297 3538 9639 8816 5776 6183 395 347 9879 2441 2038 6311 6680 6753 5669 4305 8621 1512 7628 299 4616 6213 410 5464 8456 559 444 2066 1996 7485 5338 2746 9453 4228 9938 3449 8360 5806 5294 9748 5080 7013 84 5836 7183 8800 1828 697 7600 2615 2705 7716 575 2270 4674 1325 2425 8237 6331 9964 3049 8774 1836 1165
7 2 10000
8633 1 1 8633 8633 8633 8633
5 836 8712
6051 3342 475 8477 9866
5 2528 4760
7475 4632 8987 3703 2322
5 949 1432
8338 1089 8371 5514 4767
100 2 10000
38 1178 1330 665 1824 304 1159 1558 1805 1007 1064 1083 342 532 1140 1273 1539 1349 361 1387 969 1596 1672 1634 1862 608 855 1729 1292 627 570 1444 931 1653 152 1406 171 1197 1368 228 1691 1463 1577 1615 266 1045 1710 1919 912 1843 494 418 57 551 1102 399 1235 836 589 646 1748 95 798 133 1425 114 1520 513 1767 893 1026 817 1501 722 380 1311 703 779 741 76 988 285 1786 1216 437 209 456 247 190 1121 1881 950 475 684 1900 323 874 1254 760 1482
5 3498 7786
4937 4044 8122 3559 2883
2 5001 10000
5000 2500
51 826 1650
4950 4950 165 165 4950 165 4950 4950 165 4950 165 165 165 4950 165 165 4950 4950 165 4950 4950 165 4950 4950 165 4950 4950 4950 4950 4950 4950 165 4950 165 4950 165 4950 165 4950 165 4950 165 165 165 165 4950 165 165 4950 165 165
5 2330 3877
1461 675 2595 4018 2937
10 8251 9901
825 330 110 550 66 165 55 275 150 75
5 6431 8202
1930 4616 4607 2840 5006
5 3472 7496
867 4366 6869 1797 8187
5 1279 6588
3195 1911 5576 465 7120
7 5 10000
9726 9678 9762 9978 9942 9714 9822
5 2777 9443
8746 9152 5014 6447 4011
5 3927 5362
7635 76 6669 3797 1118
51 1940 3877
3878 3878 3878 1939 3878 3878 3878 3878 1939 3878 3878 1939 1939 1939 1939 3878 1939 1939 1939 1939 1939 1939 3878 1939 1939 1939 1939 3878 3878 1939 1939 1939 3878 3878 1939 3878 3878 3878 3878 3878 3878 3878 1939 1939 3878 1939 1939 3878 1939 3878 3878
3 2 50
3 5 75
5 2741 5866
1915 4916 1432 9270 3511
6 2 10000
9973 9929 9931 9949 9941 9967
5 4953 9076
7720 2744 4804 3577 1900
13 1 10000
2598 3496 9468 1237 2220 8404 2805 6835 4898 5053 3193 3188 9905
5 7613 8019
1377 7532 7203 3455 50
5 41 4316
9481 5668 4582 481 3569
10 61 119
8280 6120 4680 2520 4 10 30 20 2 5040
5 1289 3639
5709 4542 3678 5400 8974
