40
3 2 100
3 5 7
4 8 16
1 20 5 2
10 2 10000
15 11 5 6 1 3 2 10 7 30
5 9499 9679
4903 3967 3821 3926 7215
5 6961 7071
8074 9064 9656 4698 6287
100 1 10000
6554 7733 3885 9716 2438 5209 613 2379 5961 7164 116 3997 2254 6031 9367 2086 5243 5514 4770 3679 3441 9504 6464 1216 4454 7506 5007 7944 1588 8846 4044 1222 7053 870 5756 1442 6128 8121 4617 9193 2645 8234 2810 3032 7688 2994 1940 7039 6079 7631 4370 1537 9544 1654 3420 5200 6124 3481 7625 9515 4004 332 862 3157 9247 2739 919 2127 7686 8734 654 3358 2278 4170 9840 6689 3349 7142 32 6004 1264 7040 5524 8668 7274 7956 5539 7403 7938 8154 8206 1814 4959 1936 8880 6465 2516 6625 3623 8896
5 7921 8943
7293 4911 6822 5216 3655
11 2 10000
8633 8633 1 8633 1 8633 1 8633 1 8633 8633
5 5141 5624
755 3458 8636 2935 3125
7 5 10000
9762 9822 9942 9678 9726 9714 9978
5 5656 8845
7986 894 908 8889 5549
5 2455 4039
7888 7583 8387 8311 5895
51 1370 2737
2738 1369 2738 1369 2738 1369 1369 1369 1369 2738 1369 1369 2738 1369 2738 2738 2738 2738 1369 1369 1369 1369 2738 1369 2738 2738 1369 2738 2738 1369 2738 1369 1369 1369 2738 1369 2738 2738 2738 1369 2738 1369 2738 2738 2738 2738 1369 1369 2738 1369 2738
5 2847 6040
2732 5353 1831 3784 3588
5 667 8239
7649 6506 9987 5181 4641
5 7236 7442
9362 5164 1390 3210 9585
5 4697 8220
5104 3020 6801 753 8274
13 1 10000
9726 8645 1500 4566 1515 7118 7486 5818 8366 1135 206 3347 1334
5 7084 9760
4012 4214 8307 8193 6951
51 1156 2310
231 6930 6930 6930 231 6930 6930 6930 6930 6930 231 231 6930 231 6930 231 231 231 6930 231 231 231 6930 231 231 6930 231 231 231 231 6930 231 6930 231 231 231 6930 6930 6930 6930 6930 6930 6930 6930 6930 6930 231 6930 231 231 231
50 2 10000
28 30 140 1260 105 240 18 360 2 315 252 1680 60 630 90 120 15 36 84 63 840 24 560 2520 126 720 8 5 16 504 21 1008 6 3 420 10 280 40 56 5040 144 12 35 42 20 72 336 14 48 1
5 635 3073
2372 3251 4907 6198 7214
4 2 10000
49 3 4 17
100 2 10000
1978 2881 3182 946 4214 3913 1548 129 3354 3569 1634 3225 2150 2451 344 4257 2365 4300 3612 2752 3397 4042 3999 2967 3741 4171 2709 1720 1376 4128 2021 473 2580 1118 172 1075 3010 4085 2795 516 1161 3784 3827 3956 1462 1290 2193 2408 1505 2494 2322 86 2107 989 645 774 3053 3870 1935 731 301 3526 2537 3139 1333 2236 817 3440 1032 1677 1763 1806 3311 1892 3483 4343 1247 3268 2838 3655 1419 903 3698 2623 559 1849 688 2064 3096 258 2666 602 2924 1591 860 2279 430 1204 215 387
2 5001 10000
2500 5000
5 1363 2615
3211 511 4112 9277 411
5 9247 9439
8151 3837 1592 9911 1733
5 7549 8754
2277 2677 4306 9195 4241
6 2 10000
9973 9967 9929 9949 9941 9931
100 13 36
5040 8352 3096 6588 8388 5076 5940 9180 6084 1836 6156 4644 4140 8460 648 9252 3780 756 1224 7488 5328 1692 2700 6876 9036 900 5508 9000 8604 936 2484 4464 6984 6624 6192 8028 3132 6480 7776 360 1944 4860 4032 8172 3168 3672 3456 8748 9612 7992 7344 3024 6336 5832 9288 8064 2736 9900 3852 6660 1548 8532 1764 3384 1476 9144 6516 4320 1044 7056 7812 5472 9576 6120 2880 2952 1260 9720 5724 576 2988 9216 1008 9468 8136 7848 5688 2556 8820 2340 8316 8928 2052 396 9504 3276 5184 7416 4572 7668
3 2 50
3 5 75
10 2 10000
10 2310 1 2 11 15 5 6 7 3
5 6945 7251
3069 2184 1570 2297 1671
5 4258 8773
7074 3185 4385 6579 8178
10 61 119
4 20 2520 4680 1440 3600 10 5 30 9720
10 61 119
9360 7920 2 4320 5040 4 40 1440 15 60
5 7602 8910
594 1802 808 1110 3439
5 4156 5882
3006 8549 160 3948 6666
5 1495 7024
6707 46 9124 3233 5265
10 8261 9913
118 236 2 826 7 28 413 4 59 14
